       1       1       0     618     627          643.00  656.14     .00
       1       1       0     634     678          643.00  656.14     .00
       1       1       0     691     692          643.00  656.14     .00
       1       1       0     635     679          643.00  656.14     .00
       1       0       0     687     679          643.00  656.14     .00
       1       1       0     582     601          643.00  656.14     .00
       1       1       0     654     637          643.00  656.14     .00
       2       0       1     649     654          614.32  626.58     .67
       2       1       0     669     696          614.32  626.58     .67
       2       0       1     646     637          614.32  626.58     .67
       2       1       1     533     556          614.32  626.58     .67
       2       0       1     607     612          614.32  626.58     .67
       2       0       0     634     652          614.32  626.58     .67
       2       1       0     597     604          614.32  626.58     .67
       2       1       1     637     656          614.32  626.58     .67
       2       1       1     643     648          614.32  626.58     .67
       2       0       1     556     569          614.32  626.58     .67
       2       0       0     597     620          614.32  626.58     .67
       2       1       1     590     596          614.32  626.58     .67
       2       1       0     684     730          614.32  626.58     .67
       2       1       1     647     648          614.32  626.58     .67
       2       1       1     526     521          614.32  626.58     .67
       3       1       0     635     661          618.17  636.54     .40
       3       1       0     629     693          618.17  636.54     .40
       3       0       0     608     604          618.17  636.54     .40
       3       0       1     629     629          618.17  636.54     .40
       3       1       1     590     596          618.17  636.54     .40
       4       1       1     691     707          630.37  634.94     .60
       4       1       1     701     715          630.37  634.94     .60
       4       1       0     595     590          630.37  634.94     .60
       4       0       0     676     663          630.37  634.94     .60
       4       1       1     590     596          630.37  634.94     .60
       4       0       1     540     499          630.37  634.94     .60
       4       1       0     703     738          630.37  634.94     .60
       4       0       0     590     596          630.37  634.94     .60
       4       1       1     565     560          630.37  634.94     .60
       4       0       1     653     686          630.37  634.94     .60
       5       0       0     637     650   -1.14  669.00  687.50     .00
       5       1       0     701     725   -1.14  669.00  687.50     .00
       6       1       0     701     731   -1.72  688.00  710.67     .00
       6       0       0     698     734   -1.72  688.00  710.67     .00
       6       1       0     665     667   -1.72  688.00  710.67     .00
       7       0       0     583     625     .88  613.85  637.08     .85
       7       1       1     616     609     .88  613.85  637.08     .85
       7       1       1     606     654     .88  613.85  637.08     .85
       7       1       1     661     676     .88  613.85  637.08     .85
       7       1       1     655     659     .88  613.85  637.08     .85
       7       1       1     566     588     .88  613.85  637.08     .85
       7       1       1     639     671     .88  613.85  637.08     .85
       7       1       1     651     689     .88  613.85  637.08     .85
       7       0       1     547     623     .88  613.85  637.08     .85
       7       0       1     653     645     .88  613.85  637.08     .85
       7       1       1     546     572     .88  613.85  637.08     .85
       7       1       1     605     615     .88  613.85  637.08     .85
       7       0       0     652     656     .88  613.85  637.08     .85
       8       0       1     576     588     .79  609.25  609.75     .75
       8       0       1     582     568     .79  609.25  609.75     .75
       8       0       0     658     650     .79  609.25  609.75     .75
       8       0       1     621     633     .79  609.25  609.75     .75
       9       1       0     743     740   -1.75  674.50  675.00     .00
       9       1       0     606     610   -1.75  674.50  675.00     .00
      10       1       0     680     685   -1.13  647.87  640.86     .38
      10       1       0     583     566   -1.13  647.87  640.86     .38
      10       1       0     642     633   -1.13  647.87  640.86     .38
      10       0       1     660     648   -1.13  647.87  640.86     .38
      10       0       1     630     641   -1.13  647.87  640.86     .38
      10       0       0     590     596   -1.13  647.87  640.86     .38
      10       1       0     647     643   -1.13  647.87  640.86     .38
      10       1       1     608     625   -1.13  647.87  640.86     .38
      10       1       1     665     670   -1.13  647.87  640.86     .38
      10       1       0     672     654   -1.13  647.87  640.86     .38
      10       1       0     666     648   -1.13  647.87  640.86     .38
      10       0       0     701     680   -1.13  647.87  640.86     .38
      10       0       1     678     611   -1.13  647.87  640.86     .38
      10       1       0     676     683   -1.13  647.87  640.86     .38
      10       1       1     620     623   -1.13  647.87  640.86     .38
      10       1       0     648     648   -1.13  647.87  640.86     .38
      11       1       0     571     568     .18  615.33  620.10     .48
      11       1       1     572     591     .18  615.33  620.10     .48
      11       1       1     618     628     .18  615.33  620.10     .48
      11       0       0     648     651     .18  615.33  620.10     .48
      11       1       0     622     612     .18  615.33  620.10     .48
      11       1       0     665     671     .18  615.33  620.10     .48
      11       1       1     627     647     .18  615.33  620.10     .48
      11       1       1     608     615     .18  615.33  620.10     .48
      11       0       1     610     617     .18  615.33  620.10     .48
      11       0       0     559     550     .18  615.33  620.10     .48
      11       1       1     529     547     .18  615.33  620.10     .48
      11       0       0     662     664     .18  615.33  620.10     .48
      11       0       1     554     565     .18  615.33  620.10     .48
      11       1       0     676     678     .18  615.33  620.10     .48
      11       0       0     586     607     .18  615.33  620.10     .48
      11       0       1     588     621     .18  615.33  620.10     .48
      11       0       1     601     638     .18  615.33  620.10     .48
      11       0       1     620     591     .18  615.33  620.10     .48
      11       0       0     714     674     .18  615.33  620.10     .48
      11       0       0     634     628     .18  615.33  620.10     .48
      11       1       0     658     659     .18  615.33  620.10     .48
      12       0       1     608     631    1.85  608.50  612.75     .75
      12       1       1     632     637    1.85  608.50  612.75     .75
      12       1       0     650     633    1.85  608.50  612.75     .75
      12       1       1     544     550    1.85  608.50  612.75     .75
      13       0       0     662     666    -.36  658.20  646.80     .20
      13       0       0     639     623    -.36  658.20  646.80     .20
      13       1       0     627     625    -.36  658.20  646.80     .20
      13       0       0     639     631    -.36  658.20  646.80     .20
      13       1       1     724     689    -.36  658.20  646.80     .20
      14       0       0     664     663    -.43  642.50  659.83     .17
      14       0       0     684     716    -.43  642.50  659.83     .17
      14       1       0     556     602    -.43  642.50  659.83     .17
      14       1       0     642     667    -.43  642.50  659.83     .17
      14       0       1     614     635    -.43  642.50  659.83     .17
      14       0       0     695     676    -.43  642.50  659.83     .17
      15       1       1     678     668   -1.22  678.00  668.00    1.00
      16       0       1     615     660    -.39  654.17  677.83     .33
      16       0       0     619     667    -.39  654.17  677.83     .33
      16       1       0     721     698    -.39  654.17  677.83     .33
      16       0       0     650     673    -.39  654.17  677.83     .33
      16       0       1     691     698    -.39  654.17  677.83     .33
      16       1       0     629     671    -.39  654.17  677.83     .33
      17       1       0     717     754    1.25  661.50  682.00     .00
      17       1       0     606     610    1.25  661.50  682.00     .00
      18       1       0     625     690   -1.64  643.17  669.52     .09
      18       0       0     630     716   -1.64  643.17  669.52     .09
      18       0       0     672     747   -1.64  643.17  669.52     .09
      18       1       0     710     731   -1.64  643.17  669.52     .09
      18       1       0     617     633   -1.64  643.17  669.52     .09
      18       1       0     652     651   -1.64  643.17  669.52     .09
      18       1       0     702     700   -1.64  643.17  669.52     .09
      18       0       0     610     580   -1.64  643.17  669.52     .09
      18       1       0     633     654   -1.64  643.17  669.52     .09
      18       0       1     590     596   -1.64  643.17  669.52     .09
      18       1       0     634     667   -1.64  643.17  669.52     .09
      19       0       0     643     666   -1.46  651.67  675.00     .33
      19       0       1     666     669   -1.46  651.67  675.00     .33
      19       1       0     646     690   -1.46  651.67  675.00     .33
      20       0       0     677     681   -1.70  697.33  706.67     .33
      20       0       1     694     708   -1.70  697.33  706.67     .33
      20       1       0     721     731   -1.70  697.33  706.67     .33
      21       1       0     694     707   -1.87  693.50  705.50     .00
      21       1       0     693     704   -1.87  693.50  705.50     .00
      22       0       1     637     612     .07  642.00  632.00     .60
      22       1       1     648     644     .07  642.00  632.00     .60
      22       0       0     703     715     .07  642.00  632.00     .60
      22       0       1     618     612     .07  642.00  632.00     .60
      22       1       0     604     577     .07  642.00  632.00     .60
      23       1       0     675     670    1.10  675.00  670.00     .00
      24       1       1     550     562    -.07  618.14  629.05     .31
      24       1       0     662     658    -.07  618.14  629.05     .31
      24       1       0     552     559    -.07  618.14  629.05     .31
      24       1       0     644     694    -.07  618.14  629.05     .31
      24       1       0     701     710    -.07  618.14  629.05     .31
      24       1       0     619     697    -.07  618.14  629.05     .31
      24       0       1     645     647    -.07  618.14  629.05     .31
      24       1       0     695     696    -.07  618.14  629.05     .31
      24       0       1     536     540    -.07  618.14  629.05     .31
      24       0       0     622     628    -.07  618.14  629.05     .31
      24       1       1     590     596    -.07  618.14  629.05     .31
      24       0       0     659     648    -.07  618.14  629.05     .31
      24       1       0     561     543    -.07  618.14  629.05     .31
      25       1       0     641     654    -.65  641.00  654.00     .00
      26       0       0     653     640   -1.21  653.00  640.00     .00
      27       1       0     555     569     .22  635.54  657.39     .36
      27       1       0     665     670     .22  635.54  657.39     .36
      27       0       0     660     679     .22  635.54  657.39     .36
      27       0       1     630     615     .22  635.54  657.39     .36
      27       0       1     637     698     .22  635.54  657.39     .36
      27       1       1     590     596     .22  635.54  657.39     .36
      27       1       0     555     545     .22  635.54  657.39     .36
      27       1       0     653     650     .22  635.54  657.39     .36
      27       1       0     667     696     .22  635.54  657.39     .36
      27       1       0     581     623     .22  635.54  657.39     .36
      27       0       1     605     633     .22  635.54  657.39     .36
      27       0       1     643     643     .22  635.54  657.39     .36
      27       0       1     632     632     .22  635.54  657.39     .36
      27       0       0     654     667     .22  635.54  657.39     .36
      27       1       0     631     662     .22  635.54  657.39     .36
      27       1       1     749     878     .22  635.54  657.39     .36
      27       0       0     619     632     .22  635.54  657.39     .36
      27       1       0     743     764     .22  635.54  657.39     .36
      27       1       0     676     726     .22  635.54  657.39     .36
      27       1       0     613     616     .22  635.54  657.39     .36
      27       0       1     627     651     .22  635.54  657.39     .36
      27       0       0     597     618     .22  635.54  657.39     .36
      28       1       0     676     676   -1.22  647.62  641.00     .00
      28       1       0     590     579   -1.22  647.62  641.00     .00
      28       1       0     677     668   -1.22  647.62  641.00     .00
      29       0       0     665     667   -1.34  653.57  661.74     .00
      29       1       0     687     717   -1.34  653.57  661.74     .00
      29       0       0     678     676   -1.34  653.57  661.74     .00
      29       0       0     648     653   -1.34  653.57  661.74     .00
      29       1       0     590     596   -1.34  653.57  661.74     .00
      30       0       1     593     631    1.62  607.00  627.00     .67
      30       1       1     596     619    1.62  607.00  627.00     .67
      30       1       0     632     631    1.62  607.00  627.00     .67
      31       0       0     612     594    -.50  648.87  660.52     .00
      31       1       0     674     691    -.50  648.87  660.52     .00
      31       0       0     630     640    -.50  648.87  660.52     .00
      31       1       0     590     596    -.50  648.87  660.52     .00
      31       1       0     695     712    -.50  648.87  660.52     .00
      31       1       0     648     639    -.50  648.87  660.52     .00
      31       1       0     651     674    -.50  648.87  660.52     .00
      31       1       0     656     669    -.50  648.87  660.52     .00
      31       0       0     684     730    -.50  648.87  660.52     .00
      32       0       0     586     580    1.29  635.33  647.67     .00
      32       0       0     674     667    1.29  635.33  647.67     .00
      32       1       0     646     696    1.29  635.33  647.67     .00
      33       1       0     682     708     .25  630.00  659.00     .50
      33       1       1     578     610     .25  630.00  659.00     .50
      34       0       1     637     646   -1.62  640.50  645.50     .50
      34       0       0     644     645   -1.62  640.50  645.50     .50
      35       0       0     627     654    -.53  646.00  658.00     .43
      35       0       1     620     628    -.53  646.00  658.00     .43
      35       1       1     711     693    -.53  646.00  658.00     .43
      35       1       0     615     651    -.53  646.00  658.00     .43
      35       1       0     645     654    -.53  646.00  658.00     .43
      35       1       0     641     662    -.53  646.00  658.00     .43
      35       1       1     663     664    -.53  646.00  658.00     .43
      36       0       1     590     596    1.89  623.81  632.61     .33
      36       0       0     649     645    1.89  623.81  632.61     .33
      36       1       0     621     629    1.89  623.81  632.61     .33
      36       0       0     612     614    1.89  623.81  632.61     .33
      36       1       1     649     654    1.89  623.81  632.61     .33
      36       1       0     622     658    1.89  623.81  632.61     .33
      37       0       0     672     676    -.17  650.44  659.00     .06
      37       0       0     674     689    -.17  650.44  659.00     .06
      37       1       0     636     637    -.17  650.44  659.00     .06
      37       0       0     637     654    -.17  650.44  659.00     .06
      37       0       0     690     704    -.17  650.44  659.00     .06
      37       0       0     618     622    -.17  650.44  659.00     .06
      37       1       0     680     700    -.17  650.44  659.00     .06
      37       0       0     610     598    -.17  650.44  659.00     .06
      37       0       0     623     634    -.17  650.44  659.00     .06
      37       0       0     648     605    -.17  650.44  659.00     .06
      37       1       1     662     688    -.17  650.44  659.00     .06
      37       1       0     632     650    -.17  650.44  659.00     .06
      37       0       0     644     667    -.17  650.44  659.00     .06
      37       0       0     644     677    -.17  650.44  659.00     .06
      37       0       0     649     651    -.17  650.44  659.00     .06
      37       0       0     688     692    -.17  650.44  659.00     .06
      38       1       0     616     611    -.08  620.97  628.30     .38
      38       0       0     590     605    -.08  620.97  628.30     .38
      38       0       0     652     658    -.08  620.97  628.30     .38
      38       0       0     609     628    -.08  620.97  628.30     .38
      38       1       1     672     683    -.08  620.97  628.30     .38
      38       1       0     649     650    -.08  620.97  628.30     .38
      38       0       1     590     596    -.08  620.97  628.30     .38
      38       1       1     590     596    -.08  620.97  628.30     .38
      39       0       0     656     647   -1.65  671.00  682.33     .33
      39       1       1     644     688   -1.65  671.00  682.33     .33
      39       1       0     713     712   -1.65  671.00  682.33     .33
      40       0       1     646     649    -.82  646.00  649.00    1.00
      41       0       0     637     639    -.41  644.00  645.50     .00
      41       1       0     651     652    -.41  644.00  645.50     .00
      42       1       1     642     650    -.33  627.00  638.00     .50
      42       1       0     612     626    -.33  627.00  638.00     .50
      43       1       1     690     673    -.69  645.96  637.56     .33
      43       1       0     590     596    -.69  645.96  637.56     .33
      43       1       0     658     644    -.69  645.96  637.56     .33
      44       0       0     646     704    -.74  643.67  652.83     .17
      44       1       1     682     682    -.74  643.67  652.83     .17
      44       1       0     590     576    -.74  643.67  652.83     .17
      44       0       0     650     656    -.74  643.67  652.83     .17
      44       0       0     647     650    -.74  643.67  652.83     .17
      44       0       0     647     649    -.74  643.67  652.83     .17
      45       0       0     658     614     .34  651.50  632.50     .50
      45       0       1     645     651     .34  651.50  632.50     .50
      46       1       0     690     663    -.66  654.00  662.00     .20
      46       1       1     641     648    -.66  654.00  662.00     .20
      46       0       0     611     609    -.66  654.00  662.00     .20
      46       1       1     653     696    -.66  654.00  662.00     .20
      46       1       0     666     684    -.66  654.00  662.00     .20
      46       0       0     636     639    -.66  654.00  662.00     .20
      46       0       0     671     740    -.66  654.00  662.00     .20
      46       0       0     660     635    -.66  654.00  662.00     .20
      46       1       0     650     646    -.66  654.00  662.00     .20
      46       1       0     662     660    -.66  654.00  662.00     .20
      47       0       1     618     638    1.18  651.50  643.36     .50
      47       1       0     653     643    1.18  651.50  643.36     .50
      47       1       1     635     648    1.18  651.50  643.36     .50
      47       1       1     566     576    1.18  651.50  643.36     .50
      47       1       1     641     629    1.18  651.50  643.36     .50
      47       1       0     596     616    1.18  651.50  643.36     .50
      47       1       0     618     623    1.18  651.50  643.36     .50
      47       0       0     685     702    1.18  651.50  643.36     .50
      47       1       1     637     631    1.18  651.50  643.36     .50
      47       1       1     656     648    1.18  651.50  643.36     .50
      47       0       0     672     621    1.18  651.50  643.36     .50
      47       0       0     764     728    1.18  651.50  643.36     .50
      47       1       0     679     661    1.18  651.50  643.36     .50
      47       1       1     701     643    1.18  651.50  643.36     .50
      48       0       1     615     620    -.12  643.60  657.70     .30
      48       1       1     625     639    -.12  643.60  657.70     .30
      48       1       0     663     679    -.12  643.60  657.70     .30
      48       1       0     686     678    -.12  643.60  657.70     .30
      48       0       0     646     653    -.12  643.60  657.70     .30
      48       1       0     657     686    -.12  643.60  657.70     .30
      48       0       0     641     660    -.12  643.60  657.70     .30
      48       0       0     618     623    -.12  643.60  657.70     .30
      48       1       1     632     645    -.12  643.60  657.70     .30
      48       0       0     653     694    -.12  643.60  657.70     .30
      49       1       0     623     609    -.15  633.49  636.56     .08
      49       1       0     668     676    -.15  633.49  636.56     .08
      49       1       1     556     554    -.15  633.49  636.56     .08
      49       0       0     644     612    -.15  633.49  636.56     .08
      49       0       0     609     612    -.15  633.49  636.56     .08
      49       0       0     650     666    -.15  633.49  636.56     .08
      49       1       0     645     663    -.15  633.49  636.56     .08
      49       1       0     670     654    -.15  633.49  636.56     .08
      49       0       0     682     698    -.15  633.49  636.56     .08
      49       0       0     622     633    -.15  633.49  636.56     .08
      49       0       0     590     596    -.15  633.49  636.56     .08
      49       0       0     643     666    -.15  633.49  636.56     .08
      50       1       0     717     742   -1.25  666.11  676.84     .00
      50       1       0     686     670   -1.25  666.11  676.84     .00
      50       1       0     705     754   -1.25  666.11  676.84     .00
      50       1       0     642     656   -1.25  666.11  676.84     .00
      50       1       0     691     721   -1.25  666.11  676.84     .00
      50       0       0     633     621   -1.25  666.11  676.84     .00
      50       0       0     590     596   -1.25  666.11  676.84     .00
      50       0       0     665     655   -1.25  666.11  676.84     .00
      51       1       0     676     686     .19  665.25  672.75     .50
      51       0       1     643     645     .19  665.25  672.75     .50
      51       1       1     649     674     .19  665.25  672.75     .50
      51       0       0     693     686     .19  665.25  672.75     .50
      52       0       0     631     640    -.21  628.00  639.00     .20
      52       0       1     629     642    -.21  628.00  639.00     .20
      52       0       0     612     626    -.21  628.00  639.00     .20
      52       1       0     636     639    -.21  628.00  639.00     .20
      52       0       0     632     648    -.21  628.00  639.00     .20
      53       0       0     658     686   -1.58  645.67  685.67     .00
      53       0       0     660     720   -1.58  645.67  685.67     .00
      53       1       0     619     651   -1.58  645.67  685.67     .00
      54       1       0     649     652   -1.32  656.87  673.00     .07
      54       1       0     632     646   -1.32  656.87  673.00     .07
      54       0       0     696     698   -1.32  656.87  673.00     .07
      54       1       0     636     639   -1.32  656.87  673.00     .07
      54       0       0     711     767   -1.32  656.87  673.00     .07
      54       1       0     655     708   -1.32  656.87  673.00     .07
      54       1       0     700     742   -1.32  656.87  673.00     .07
      54       0       0     579     621   -1.32  656.87  673.00     .07
      54       1       0     654     651   -1.32  656.87  673.00     .07
      54       0       0     625     663   -1.32  656.87  673.00     .07
      54       0       1     605     612   -1.32  656.87  673.00     .07
      54       0       0     670     649   -1.32  656.87  673.00     .07
      54       1       0     696     675   -1.32  656.87  673.00     .07
      54       0       0     655     663   -1.32  656.87  673.00     .07
      54       1       0     690     709   -1.32  656.87  673.00     .07
      55       0       0     590     596   -1.19  608.97  630.14     .00
      55       0       0     590     657   -1.19  608.97  630.14     .00
      55       0       0     693     698   -1.19  608.97  630.14     .00
      55       0       0     570     588   -1.19  608.97  630.14     .00
      55       0       0     602     612   -1.19  608.97  630.14     .00
      56       0       1     605     606     .22  632.95  634.95     .48
      56       0       0     676     666     .22  632.95  634.95     .48
      56       1       1     582     588     .22  632.95  634.95     .48
      56       1       0     737     718     .22  632.95  634.95     .48
      56       1       0     655     663     .22  632.95  634.95     .48
      56       0       1     611     616     .22  632.95  634.95     .48
      56       0       0     665     656     .22  632.95  634.95     .48
      56       0       0     625     642     .22  632.95  634.95     .48
      56       0       1     628     620     .22  632.95  634.95     .48
      56       0       1     601     609     .22  632.95  634.95     .48
      56       0       0     644     656     .22  632.95  634.95     .48
      56       1       0     682     662     .22  632.95  634.95     .48
      56       0       1     607     640     .22  632.95  634.95     .48
      56       0       1     646     648     .22  632.95  634.95     .48
      56       0       1     647     652     .22  632.95  634.95     .48
      56       0       0     594     628     .22  632.95  634.95     .48
      56       1       1     664     633     .22  632.95  634.95     .48
      56       0       0     637     600     .22  632.95  634.95     .48
      56       0       0     551     543     .22  632.95  634.95     .48
      56       0       1     639     646     .22  632.95  634.95     .48
      56       0       0     596     642     .22  632.95  634.95     .48
      57       0       0     678     644    -.43  648.75  650.25     .00
      57       0       0     570     562    -.43  648.75  650.25     .00
      57       0       0     657     683    -.43  648.75  650.25     .00
      57       1       0     690     712    -.43  648.75  650.25     .00
      58       1       1     664     673     .05  628.33  632.00     .33
      58       0       0     594     590     .05  628.33  632.00     .33
      58       0       0     627     633     .05  628.33  632.00     .33
      59       1       0     655     623     .05  642.20  636.60     .20
      59       1       0     540     538     .05  642.20  636.60     .20
      59       0       0     672     666     .05  642.20  636.60     .20
      59       1       1     678     654     .05  642.20  636.60     .20
      59       1       0     666     702     .05  642.20  636.60     .20
      60       0       1     648     656     .07  644.75  641.93     .56
      60       1       0     590     596     .07  644.75  641.93     .56
      60       0       0     647     651     .07  644.75  641.93     .56
      60       0       1     695     670     .07  644.75  641.93     .56
      60       1       1     662     642     .07  644.75  641.93     .56
      60       0       1     672     652     .07  644.75  641.93     .56
      60       0       0     651     667     .07  644.75  641.93     .56
      60       1       0     648     648     .07  644.75  641.93     .56
      60       0       1     590     596     .07  644.75  641.93     .56
      61       0       1     637     636     .86  605.42  619.83     .75
      61       0       0     590     594     .86  605.42  619.83     .75
      61       1       1     554     569     .86  605.42  619.83     .75
      61       1       0     571     627     .86  605.42  619.83     .75
      61       1       0     550     559     .86  605.42  619.83     .75
      61       0       1     630     656     .86  605.42  619.83     .75
      61       0       1     632     631     .86  605.42  619.83     .75
      61       0       1     632     652     .86  605.42  619.83     .75
      61       1       1     643     642     .86  605.42  619.83     .75
      61       0       1     616     644     .86  605.42  619.83     .75
      61       1       1     607     605     .86  605.42  619.83     .75
      61       0       1     603     623     .86  605.42  619.83     .75
      62       1       0     590     598     .66  610.57  631.71     .71
      62       1       1     664     715     .66  610.57  631.71     .71
      62       1       1     643     661     .66  610.57  631.71     .71
      62       0       0     641     669     .66  610.57  631.71     .71
      62       0       1     536     556     .66  610.57  631.71     .71
      62       1       1     618     633     .66  610.57  631.71     .71
      62       1       1     582     590     .66  610.57  631.71     .71
      63       0       1     672     644    -.06  623.37  615.94     .40
      63       0       0     590     596    -.06  623.37  615.94     .40
      63       0       0     593     568    -.06  623.37  615.94     .40
      63       0       1     639     657    -.06  623.37  615.94     .40
      63       1       0     623     615    -.06  623.37  615.94     .40
      64       0       0     651     653    -.80  652.41  666.53     .00
      64       0       0     651     670    -.80  652.41  666.53     .00
      64       0       0     688     700    -.80  652.41  666.53     .00
      64       1       0     733     831    -.80  652.41  666.53     .00
      64       0       0     590     596    -.80  652.41  666.53     .00
      64       0       0     639     642    -.80  652.41  666.53     .00
      64       0       0     615     574    -.80  652.41  666.53     .00
      65       1       1     670     652    1.03  628.88  632.24     .65
      65       0       0     634     631    1.03  628.88  632.24     .65
      65       0       0     655     694    1.03  628.88  632.24     .65
      65       1       1     636     645    1.03  628.88  632.24     .65
      65       1       1     604     608    1.03  628.88  632.24     .65
      65       0       1     579     608    1.03  628.88  632.24     .65
      65       1       0     640     654    1.03  628.88  632.24     .65
      65       1       0     585     620    1.03  628.88  632.24     .65
      65       0       1     623     614    1.03  628.88  632.24     .65
      65       1       1     560     557    1.03  628.88  632.24     .65
      65       0       1     618     621    1.03  628.88  632.24     .65
      65       1       0     659     659    1.03  628.88  632.24     .65
      65       1       1     638     627    1.03  628.88  632.24     .65
      65       1       1     637     583    1.03  628.88  632.24     .65
      65       0       0     641     650    1.03  628.88  632.24     .65
      65       0       1     737     760    1.03  628.88  632.24     .65
      65       1       1     575     565    1.03  628.88  632.24     .65
      66       1       1     614     618    -.32  643.80  627.60     .40
      66       1       1     625     605    -.32  643.80  627.60     .40
      66       1       0     607     616    -.32  643.80  627.60     .40
      66       1       0     705     694    -.32  643.80  627.60     .40
      66       0       0     668     605    -.32  643.80  627.60     .40
      67       1       0     743     780   -1.26  675.43  697.71     .14
      67       1       0     649     661   -1.26  675.43  697.71     .14
      67       1       0     646     635   -1.26  675.43  697.71     .14
      67       0       0     676     721   -1.26  675.43  697.71     .14
      67       0       0     701     761   -1.26  675.43  697.71     .14
      67       1       0     687     702   -1.26  675.43  697.71     .14
      67       0       1     626     624   -1.26  675.43  697.71     .14
      68       0       0     724     719     .12  648.90  655.15     .18
      68       1       0     693     678     .12  648.90  655.15     .18
      68       0       0     669     675     .12  648.90  655.15     .18
      68       1       0     573     605     .12  648.90  655.15     .18
      68       1       0     691     687     .12  648.90  655.15     .18
      68       1       0     639     617     .12  648.90  655.15     .18
      68       0       0     629     686     .12  648.90  655.15     .18
      68       0       0     643     657     .12  648.90  655.15     .18
      68       1       0     590     596     .12  648.90  655.15     .18
      68       0       1     660     674     .12  648.90  655.15     .18
      68       1       1     627     613     .12  648.90  655.15     .18
      69       0       0     607     621    -.48  661.71  676.86     .14
      69       1       0     638     654    -.48  661.71  676.86     .14
      69       1       0     656     660    -.48  661.71  676.86     .14
      69       1       0     682     695    -.48  661.71  676.86     .14
      69       0       0     708     752    -.48  661.71  676.86     .14
      69       1       0     628     644    -.48  661.71  676.86     .14
      69       0       1     713     712    -.48  661.71  676.86     .14
      70       1       1     630     678    -.12  655.00  675.67     .33
      70       0       0     632     629    -.12  655.00  675.67     .33
      70       0       0     703     720    -.12  655.00  675.67     .33
      71       0       1     617     622     .57  614.81  624.45     .91
      71       0       1     636     633     .57  614.81  624.45     .91
      71       1       0     636     633     .57  614.81  624.45     .91
      71       1       1     656     687     .57  614.81  624.45     .91
      71       0       1     550     570     .57  614.81  624.45     .91
      71       1       1     627     667     .57  614.81  624.45     .91
      71       1       1     585     590     .57  614.81  624.45     .91
      71       1       1     616     645     .57  614.81  624.45     .91
      71       0       1     590     523     .57  614.81  624.45     .91
      71       1       1     620     622     .57  614.81  624.45     .91
      71       1       1     630     677     .57  614.81  624.45     .91
      72       1       1     633     632     .80  605.86  631.00     .86
      72       0       1     560     570     .80  605.86  631.00     .86
      72       1       1     562     605     .80  605.86  631.00     .86
      72       0       0     619     653     .80  605.86  631.00     .86
      72       0       1     595     617     .80  605.86  631.00     .86
      72       1       1     660     693     .80  605.86  631.00     .86
      72       1       1     612     647     .80  605.86  631.00     .86
      73       1       0     548     569     .42  600.70  611.10     .57
      73       0       1     557     557     .42  600.70  611.10     .57
      73       1       1     583     556     .42  600.70  611.10     .57
      73       1       0     637     673     .42  600.70  611.10     .57
      73       0       1     590     596     .42  600.70  611.10     .57
      73       0       1     683     682     .42  600.70  611.10     .57
      73       0       0     607     645     .42  600.70  611.10     .57
      74       1       1     588     553    2.20  613.63  631.00     .75
      74       1       1     610     592    2.20  613.63  631.00     .75
      74       0       1     593     621    2.20  613.63  631.00     .75
      74       1       0     646     650    2.20  613.63  631.00     .75
      74       0       0     625     682    2.20  613.63  631.00     .75
      74       1       1     637     696    2.20  613.63  631.00     .75
      74       0       1     557     595    2.20  613.63  631.00     .75
      74       0       1     653     659    2.20  613.63  631.00     .75
      75       0       1     595     604    1.35  586.75  608.50    1.00
      75       0       1     590     622    1.35  586.75  608.50    1.00
      75       0       1     540     568    1.35  586.75  608.50    1.00
      75       0       1     622     640    1.35  586.75  608.50    1.00
      76       1       1     556     562     .94  607.83  619.17     .67
      76       1       1     596     628     .94  607.83  619.17     .67
      76       1       1     651     658     .94  607.83  619.17     .67
      76       0       1     593     584     .94  607.83  619.17     .67
      76       0       0     646     648     .94  607.83  619.17     .67
      76       1       0     605     635     .94  607.83  619.17     .67
      77       1       1     617     637     .93  617.27  634.27     .55
      77       0       1     597     616     .93  617.27  634.27     .55
      77       0       0     620     671     .93  617.27  634.27     .55
      77       1       1     648     660     .93  617.27  634.27     .55
      77       0       1     601     597     .93  617.27  634.27     .55
      77       0       1     612     628     .93  617.27  634.27     .55
      77       0       0     647     672     .93  617.27  634.27     .55
      77       0       1     627     622     .93  617.27  634.27     .55
      77       0       0     652     656     .93  617.27  634.27     .55
      77       0       0     641     675     .93  617.27  634.27     .55
      77       0       0     528     543     .93  617.27  634.27     .55
      78       0       1     643     645    -.95  642.67  648.33     .33
      78       0       0     660     682    -.95  642.67  648.33     .33
      78       1       0     625     618    -.95  642.67  648.33     .33
      79       1       0     670     671    -.89  624.33  628.78     .22
      79       1       0     616     621    -.89  624.33  628.78     .22
      79       0       0     604     621    -.89  624.33  628.78     .22
      79       0       0     540     533    -.89  624.33  628.78     .22
      79       0       0     639     688    -.89  624.33  628.78     .22
      79       1       1     651     609    -.89  624.33  628.78     .22
      79       1       0     642     646    -.89  624.33  628.78     .22
      79       0       0     623     636    -.89  624.33  628.78     .22
      79       0       1     634     634    -.89  624.33  628.78     .22
      80       1       0     660     669   -1.92  629.50  634.75     .00
      80       1       0     548     557   -1.92  629.50  634.75     .00
      80       1       0     632     646   -1.92  629.50  634.75     .00
      80       0       0     678     667   -1.92  629.50  634.75     .00
      81       0       0     687     750    -.63  620.20  635.20     .40
      81       1       1     523     489    -.63  620.20  635.20     .40
      81       1       1     616     640    -.63  620.20  635.20     .40
      81       1       0     603     637    -.63  620.20  635.20     .40
      81       1       0     672     660    -.63  620.20  635.20     .40
      82       1       0     633     654    -.54  625.00  633.89     .33
      82       1       0     672     693    -.54  625.00  633.89     .33
      82       0       1     593     635    -.54  625.00  633.89     .33
      82       1       1     644     631    -.54  625.00  633.89     .33
      82       0       0     665     664    -.54  625.00  633.89     .33
      82       0       0     548     545    -.54  625.00  633.89     .33
      82       1       0     619     616    -.54  625.00  633.89     .33
      82       0       1     639     642    -.54  625.00  633.89     .33
      82       1       0     612     625    -.54  625.00  633.89     .33
      83       0       0     590     596    -.83  659.84  684.81     .14
      83       1       1     584     621    -.83  659.84  684.81     .14
      83       1       0     717     726    -.83  659.84  684.81     .14
      83       0       0     676     682    -.83  659.84  684.81     .14
      83       0       0     672     697    -.83  659.84  684.81     .14
      83       1       0     695     752    -.83  659.84  684.81     .14
      83       1       0     685     720    -.83  659.84  684.81     .14
      84       1       0     643     632    -.41  637.00  624.50     .50
      84       1       1     631     617    -.41  637.00  624.50     .50
      85       0       1     609     629    1.06  639.97  649.67     .75
      85       0       1     670     677    1.06  639.97  649.67     .75
      85       1       1     590     596    1.06  639.97  649.67     .75
      85       0       0     691     697    1.06  639.97  649.67     .75
      86       1       0     685     683     .32  641.53  648.52     .09
      86       1       0     656     641     .32  641.53  648.52     .09
      86       1       1     655     676     .32  641.53  648.52     .09
      86       0       0     612     615     .32  641.53  648.52     .09
      86       1       0     648     656     .32  641.53  648.52     .09
      86       0       0     672     704     .32  641.53  648.52     .09
      86       0       0     550     594     .32  641.53  648.52     .09
      86       0       0     619     639     .32  641.53  648.52     .09
      86       0       0     649     653     .32  641.53  648.52     .09
      86       0       0     721     677     .32  641.53  648.52     .09
      86       1       0     590     596     .32  641.53  648.52     .09
      87       0       0     643     655     .05  643.00  655.00     .00
      88       1       1     611     636    1.11  630.15  640.11     .67
      88       0       1     687     742    1.11  630.15  640.11     .67
      88       1       1     625     574    1.11  630.15  640.11     .67
      88       0       1     636     665    1.11  630.15  640.11     .67
      88       1       0     590     596    1.11  630.15  640.11     .67
      88       1       0     632     628    1.11  630.15  640.11     .67
      89       1       0     671     678     .29  631.00  628.63     .13
      89       0       0     562     587     .29  631.00  628.63     .13
      89       0       0     664     640     .29  631.00  628.63     .13
      89       0       0     648     651     .29  631.00  628.63     .13
      89       0       0     648     655     .29  631.00  628.63     .13
      89       0       1     651     655     .29  631.00  628.63     .13
      89       0       0     565     545     .29  631.00  628.63     .13
      89       1       0     639     618     .29  631.00  628.63     .13
      90       1       0     646     683    -.36  632.43  653.57     .29
      90       0       1     605     587    -.36  632.43  653.57     .29
      90       1       1     582     618    -.36  632.43  653.57     .29
      90       0       0     584     615    -.36  632.43  653.57     .29
      90       0       0     655     707    -.36  632.43  653.57     .29
      90       1       0     652     654    -.36  632.43  653.57     .29
      90       1       0     703     711    -.36  632.43  653.57     .29
      91       1       1     721     726   -1.30  660.50  665.38     .38
      91       1       0     660     655   -1.30  660.50  665.38     .38
      91       1       1     691     704   -1.30  660.50  665.38     .38
      91       0       0     610     570   -1.30  660.50  665.38     .38
      91       1       1     629     644   -1.30  660.50  665.38     .38
      91       0       0     617     639   -1.30  660.50  665.38     .38
      91       0       0     687     695   -1.30  660.50  665.38     .38
      91       0       0     669     690   -1.30  660.50  665.38     .38
      92       1       1     668     668    -.08  634.67  641.00     .33
      92       0       0     635     618    -.08  634.67  641.00     .33
      92       0       0     601     637    -.08  634.67  641.00     .33
      93       0       1     649     682    -.86  626.39  648.97     .10
      93       0       0     670     715    -.86  626.39  648.97     .10
      93       1       0     622     628    -.86  626.39  648.97     .10
      93       1       0     674     698    -.86  626.39  648.97     .10
      93       1       0     573     569    -.86  626.39  648.97     .10
      93       1       0     556     618    -.86  626.39  648.97     .10
      93       1       0     622     646    -.86  626.39  648.97     .10
      93       1       0     628     648    -.86  626.39  648.97     .10
      93       1       0     680     690    -.86  626.39  648.97     .10
      93       0       0     590     596    -.86  626.39  648.97     .10
      94       0       0     651     675    -.46  609.67  642.67     .00
      94       1       0     621     616    -.46  609.67  642.67     .00
      94       1       0     557     637    -.46  609.67  642.67     .00
      95       0       0     593     587     .03  657.63  651.88     .00
      95       0       0     662     681     .03  657.63  651.88     .00
      95       1       0     623     600     .03  657.63  651.88     .00
      95       1       0     713     696     .03  657.63  651.88     .00
      95       1       0     698     655     .03  657.63  651.88     .00
      95       1       0     605     654     .03  657.63  651.88     .00
      95       0       0     677     672     .03  657.63  651.88     .00
      95       1       0     690     670     .03  657.63  651.88     .00
      96       1       0     623     607    -.62  623.00  607.00     .00
      97       0       0     668     685    -.19  599.67  615.00     .00
      97       0       0     555     587    -.19  599.67  615.00     .00
      97       1       0     576     573    -.19  599.67  615.00     .00
      98       1       0     612     609    -.62  629.47  638.92     .25
      98       1       1     667     700    -.62  629.47  638.92     .25
      98       1       0     590     596    -.62  629.47  638.92     .25
      98       1       0     649     651    -.62  629.47  638.92     .25
      99       1       1     672     656     .60  670.60  667.40     .60
      99       0       0     670     700     .60  670.60  667.40     .60
      99       0       1     623     607     .60  670.60  667.40     .60
      99       0       1     670     662     .60  670.60  667.40     .60
      99       1       0     718     712     .60  670.60  667.40     .60
     100       1       1     631     637    1.08  637.67  666.33    1.00
     100       1       1     650     705    1.08  637.67  666.33    1.00
     100       0       1     632     657    1.08  637.67  666.33    1.00
     101       1       0     682     728    -.40  635.94  661.84     .00
     101       1       0     590     596    -.40  635.94  661.84     .00
     102       1       0     678     663    1.71  646.00  660.33     .00
     102       1       0     646     705    1.71  646.00  660.33     .00
     102       1       0     614     613    1.71  646.00  660.33     .00
     103       0       0     649     639    1.37  620.83  623.17     .50
     103       0       1     596     631    1.37  620.83  623.17     .50
     103       1       1     650     651    1.37  620.83  623.17     .50
     103       1       1     632     667    1.37  620.83  623.17     .50
     103       1       0     570     538    1.37  620.83  623.17     .50
     103       1       0     628     613    1.37  620.83  623.17     .50
     104       0       0     590     596   -1.82  624.94  637.84     .00
     104       0       0     660     680   -1.82  624.94  637.84     .00
     105       0       0     714     719     .21  667.57  686.57     .43
     105       0       0     636     667     .21  667.57  686.57     .43
     105       1       1     653     671     .21  667.57  686.57     .43
     105       1       1     669     697     .21  667.57  686.57     .43
     105       1       0     682     693     .21  667.57  686.57     .43
     105       1       1     651     657     .21  667.57  686.57     .43
     105       0       0     668     702     .21  667.57  686.57     .43
     106       0       0     617     587   -1.34  670.50  679.00     .00
     106       0       0     724     771   -1.34  670.50  679.00     .00
     107       1       0     623     677    -.80  623.00  677.00     .00
     108       0       0     531     562     .87  588.33  609.67     .67
     108       1       1     662     667     .87  588.33  609.67     .67
     108       1       1     572     600     .87  588.33  609.67     .67
     109       0       1     621     644    1.38  660.41  670.81     .57
     109       0       1     687     738    1.38  660.41  670.81     .57
     109       1       0     675     677    1.38  660.41  670.81     .57
     109       0       0     664     693    1.38  660.41  670.81     .57
     109       1       1     737     696    1.38  660.41  670.81     .57
     109       1       0     649     652    1.38  660.41  670.81     .57
     109       1       1     590     596    1.38  660.41  670.81     .57
     110       1       0     727     710    -.13  640.40  628.80     .40
     110       1       1     577     547    -.13  640.40  628.80     .40
     110       1       0     628     648    -.13  640.40  628.80     .40
     110       0       0     612     617    -.13  640.40  628.80     .40
     110       1       1     658     622    -.13  640.40  628.80     .40
     111       0       1     658     625    1.58  631.71  635.43     .71
     111       1       1     605     647    1.58  631.71  635.43     .71
     111       0       1     683     691    1.58  631.71  635.43     .71
     111       1       0     570     579    1.58  631.71  635.43     .71
     111       1       0     650     635    1.58  631.71  635.43     .71
     111       0       1     607     621    1.58  631.71  635.43     .71
     111       1       1     649     650    1.58  631.71  635.43     .71
     112       1       0     648     661     .85  630.20  633.60     .40
     112       0       0     671     687     .85  630.20  633.60     .40
     112       1       1     632     636     .85  630.20  633.60     .40
     112       1       0     630     619     .85  630.20  633.60     .40
     112       1       1     570     565     .85  630.20  633.60     .40
     113       1       0     604     615    1.69  626.25  626.75     .75
     113       0       1     608     639    1.69  626.25  626.75     .75
     113       1       1     712     694    1.69  626.25  626.75     .75
     113       0       1     581     559    1.69  626.25  626.75     .75
     114       0       0     642     612     .58  648.92  639.67     .75
     114       1       1     608     609     .58  648.92  639.67     .75
     114       0       0     648     660     .58  648.92  639.67     .75
     114       1       1     642     646     .58  648.92  639.67     .75
     114       0       1     639     635     .58  648.92  639.67     .75
     114       0       1     623     631     .58  648.92  639.67     .75
     114       1       1     662     663     .58  648.92  639.67     .75
     114       1       1     653     644     .58  648.92  639.67     .75
     114       1       1     623     623     .58  648.92  639.67     .75
     114       1       1     649     648     .58  648.92  639.67     .75
     114       1       0     674     639     .58  648.92  639.67     .75
     114       1       1     724     666     .58  648.92  639.67     .75
     115       1       0     688     648     .57  688.00  648.00     .00
     116       0       0     562     562     .23  641.11  658.96     .25
     116       0       0     627     611     .23  641.11  658.96     .25
     116       0       0     658     742     .23  641.11  658.96     .25
     116       0       0     711     791     .23  641.11  658.96     .25
     116       1       1     590     596     .23  641.11  658.96     .25
     116       1       0     673     664     .23  641.11  658.96     .25
     116       0       0     629     627     .23  641.11  658.96     .25
     116       1       1     679     679     .23  641.11  658.96     .25
     117       0       1     625     635    -.08  652.78  654.11     .67
     117       0       1     616     626    -.08  652.78  654.11     .67
     117       1       1     667     637    -.08  652.78  654.11     .67
     117       1       1     667     666    -.08  652.78  654.11     .67
     117       0       1     643     654    -.08  652.78  654.11     .67
     117       0       0     660     665    -.08  652.78  654.11     .67
     117       0       0     672     667    -.08  652.78  654.11     .67
     117       0       0     624     622    -.08  652.78  654.11     .67
     117       1       1     701     715    -.08  652.78  654.11     .67
     118       1       1     627     647    1.04  627.00  647.00    1.00
     119       1       1     764     714     .89  667.11  660.89     .78
     119       1       0     678     718     .89  667.11  660.89     .78
     119       0       1     619     657     .89  667.11  660.89     .78
     119       1       1     566     568     .89  667.11  660.89     .78
     119       1       0     723     737     .89  667.11  660.89     .78
     119       1       1     663     667     .89  667.11  660.89     .78
     119       0       1     635     651     .89  667.11  660.89     .78
     119       1       1     635     590     .89  667.11  660.89     .78
     119       1       1     721     646     .89  667.11  660.89     .78
     120       0       1     581     607          649.40  649.80     .60
     120       0       1     658     652          649.40  649.80     .60
     120       1       0     696     692          649.40  649.80     .60
     120       1       1     665     650          649.40  649.80     .60
     120       1       0     647     648          649.40  649.80     .60
     121       0       0     616     622          611.60  622.57     .85
     121       1       1     621     673          611.60  622.57     .85
     121       0       1     645     647          611.60  622.57     .85
     121       0       1     621     653          611.60  622.57     .85
     121       0       0     653     633          611.60  622.57     .85
     121       1       1     602     606          611.60  622.57     .85
     121       0       1     590     596          611.60  622.57     .85
     121       1       1     590     596          611.60  622.57     .85
     121       0       1     612     628          611.60  622.57     .85
     121       0       1     648     625          611.60  622.57     .85
     121       0       1     598     648          611.60  622.57     .85
     121       1       1     546     551          611.60  622.57     .85
     121       1       1     609     616          611.60  622.57     .85
     122       1       1     680     670          680.00  670.00    1.00
     123       0       0     594     591          649.39  664.98     .23
     123       0       0     605     636          649.39  664.98     .23
     123       1       0     680     677          649.39  664.98     .23
     123       1       1     614     629          649.39  664.98     .23
     123       1       1     629     631          649.39  664.98     .23
     123       1       1     602     663          649.39  664.98     .23
     123       1       0     707     720          649.39  664.98     .23
     123       1       0     693     730          649.39  664.98     .23
     123       1       0     690     768          649.39  664.98     .23
     123       0       0     575     618          649.39  664.98     .23
     123       1       0     669     697          649.39  664.98     .23
     123       1       0     627     639          649.39  664.98     .23
     123       1       1     651     677          649.39  664.98     .23
     123       0       0     682     645          649.39  664.98     .23
     123       0       0     637     631          649.39  664.98     .23
     123       0       0     590     596          649.39  664.98     .23
     123       1       0     651     659          649.39  664.98     .23
     123       0       1     647     650          649.39  664.98     .23
     123       0       1     616     591          649.39  664.98     .23
     123       1       0     682     719          649.39  664.98     .23
     123       0       0     680     712          649.39  664.98     .23
     123       1       0     590     596          649.39  664.98     .23
     123       1       0     707     695          649.39  664.98     .23
     123       0       0     605     629          649.39  664.98     .23
     123       0       0     814     856          649.39  664.98     .23
     123       1       0     678     702          649.39  664.98     .23
     123       0       0     635     633          649.39  664.98     .23
     123       1       1     570     579          649.39  664.98     .23
     123       1       0     648     646          649.39  664.98     .23
     123       1       0     714     735          649.39  664.98     .23
     124       0       1     596     608          655.36  656.45     .36
     124       1       0     651     639          655.36  656.45     .36
     124       0       1     669     677          655.36  656.45     .36
     124       0       1     653     678          655.36  656.45     .36
     124       0       0     674     662          655.36  656.45     .36
     124       1       0     662     648          655.36  656.45     .36
     124       1       0     662     652          655.36  656.45     .36
     124       0       1     673     675          655.36  656.45     .36
     124       0       0     650     637          655.36  656.45     .36
     124       0       0     708     724          655.36  656.45     .36
     124       1       0     611     621          655.36  656.45     .36
     125       1       0     678     680          653.65  659.25     .26
     125       1       0     691     691          653.65  659.25     .26
     125       0       0     597     644          653.65  659.25     .26
     125       0       0     698     730          653.65  659.25     .26
     125       0       0     668     685          653.65  659.25     .26
     125       1       0     590     596          653.65  659.25     .26
     125       0       0     685     655          653.65  659.25     .26
     125       0       0     653     623          653.65  659.25     .26
     125       1       0     630     647          653.65  659.25     .26
     125       0       0     639     631          653.65  659.25     .26
     125       1       0     657     651          653.65  659.25     .26
     125       0       0     676     673          653.65  659.25     .26
     125       1       1     611     612          653.65  659.25     .26
     125       0       0     698     650          653.65  659.25     .26
     125       1       0     714     738          653.65  659.25     .26
     125       0       0     686     691          653.65  659.25     .26
     125       0       1     582     601          653.65  659.25     .26
     125       1       1     688     678          653.65  659.25     .26
     125       1       1     676     666          653.65  659.25     .26
     125       0       0     551     569          653.65  659.25     .26
     125       0       1     646     648          653.65  659.25     .26
     125       1       0     649     650          653.65  659.25     .26
     125       0       1     671     754          653.65  659.25     .26
     126       1       1     590     588          579.29  577.00     .67
     126       0       1     537     537          579.29  577.00     .67
     126       0       0     611     606          579.29  577.00     .67
     127       0       1     607     608          631.57  641.93     .32
     127       1       1     672     685          631.57  641.93     .32
     127       1       1     635     663          631.57  641.93     .32
     127       0       0     627     640          631.57  641.93     .32
     127       1       1     646     663          631.57  641.93     .32
     127       1       0     652     636          631.57  641.93     .32
     127       1       0     649     639          631.57  641.93     .32
     127       0       0     632     673          631.57  641.93     .32
     127       1       0     612     631          631.57  641.93     .32
     127       1       1     636     632          631.57  641.93     .32
     127       1       0     644     634          631.57  641.93     .32
     127       1       1     618     674          631.57  641.93     .32
     127       0       0     586     566          631.57  641.93     .32
     127       1       0     670     700          631.57  641.93     .32
     127       0       0     643     597          631.57  641.93     .32
     127       1       0     632     666          631.57  641.93     .32
     127       0       0     662     659          631.57  641.93     .32
     127       0       0     634     650          631.57  641.93     .32
     127       0       1     574     607          631.57  641.93     .32
     127       1       1     658     669          631.57  641.93     .32
     127       0       0     547     531          631.57  641.93     .32
     127       1       1     634     629          631.57  641.93     .32
     127       1       0     679     674          631.57  641.93     .32
     127       1       0     573     563          631.57  641.93     .32
     127       0       0     602     631          631.57  641.93     .32
     127       1       0     648     686          631.57  641.93     .32
     127       0       0     674     722          631.57  641.93     .32
     127       1       0     638     646          631.57  641.93     .32
     128       0       1     613     610          610.00  621.00     .50
     128       1       0     607     632          610.00  621.00     .50
     129       1       1     648     650          648.00  650.00    1.00
     130       1       1     625     659          646.50  654.50    1.00
     130       1       1     703     712          646.50  654.50    1.00
     130       1       1     606     600          646.50  654.50    1.00
     130       0       1     652     647          646.50  654.50    1.00
     131       0       0     618     616          642.00  647.32     .16
     131       1       0     672     698          642.00  647.32     .16
     131       1       0     644     651          642.00  647.32     .16
     131       1       0     629     628          642.00  647.32     .16
     131       0       0     687     642          642.00  647.32     .16
     131       1       0     630     679          642.00  647.32     .16
     131       1       0     628     615          642.00  647.32     .16
     131       0       0     615     641          642.00  647.32     .16
     131       0       0     670     643          642.00  647.32     .16
     131       1       0     612     621          642.00  647.32     .16
     131       0       0     676     704          642.00  647.32     .16
     131       1       0     648     650          642.00  647.32     .16
     131       0       1     576     604          642.00  647.32     .16
     131       1       1     603     611          642.00  647.32     .16
     131       1       0     656     656          642.00  647.32     .16
     131       0       1     678     678          642.00  647.32     .16
     131       0       0     611     628          642.00  647.32     .16
     131       1       0     647     646          642.00  647.32     .16
     131       0       0     698     688          642.00  647.32     .16
     132       0       0     635     647          645.67  661.00     .33
     132       1       0     649     647          645.67  661.00     .33
     132       1       1     653     689          645.67  661.00     .33
     133       1       0     647     602          639.09  651.21     .41
     133       0       1     614     685          639.09  651.21     .41
     133       0       1     596     633          639.09  651.21     .41
     133       0       1     651     668          639.09  651.21     .41
     133       0       0     728     754          639.09  651.21     .41
     133       0       1     551     540          639.09  651.21     .41
     133       1       0     590     596          639.09  651.21     .41
     133       1       0     614     611          639.09  651.21     .41
     133       0       0     642     650          639.09  651.21     .41
     133       0       0     612     628          639.09  651.21     .41
     133       0       1     660     636          639.09  651.21     .41
     133       1       0     666     661          639.09  651.21     .41
     133       0       0     669     678          639.09  651.21     .41
     133       0       1     632     642          639.09  651.21     .41
     133       1       1     644     638          639.09  651.21     .41
     133       0       0     675     673          639.09  651.21     .41
     133       1       0     675     669          639.09  651.21     .41
     133       0       1     551     581          639.09  651.21     .41
     133       1       0     616     614          639.09  651.21     .41
     133       0       0     642     731          639.09  651.21     .41
     133       0       0     737     747          639.09  651.21     .41
     133       1       1     648     690          639.09  651.21     .41
     134       0       1     622     621          625.79  635.99     .30
     134       1       0     577     601          625.79  635.99     .30
     134       1       1     590     596          625.79  635.99     .30
     134       1       0     550     573          625.79  635.99     .30
     134       0       0     637     639          625.79  635.99     .30
     134       0       1     645     652          625.79  635.99     .30
     134       0       0     616     639          625.79  635.99     .30
     134       0       0     590     596          625.79  635.99     .30
     134       0       1     617     627          625.79  635.99     .30
     134       1       0     657     627          625.79  635.99     .30
     134       0       0     655     642          625.79  635.99     .30
     134       1       0     613     631          625.79  635.99     .30
     134       1       0     724     749          625.79  635.99     .30
     134       1       0     546     540          625.79  635.99     .30
     134       1       0     658     661          625.79  635.99     .30
     134       1       0     686     704          625.79  635.99     .30
     134       0       0     627     636          625.79  635.99     .30
     134       1       0     556     540          625.79  635.99     .30
     134       0       0     662     730          625.79  635.99     .30
     134       0       0     621     662          625.79  635.99     .30
     134       0       0     649     652          625.79  635.99     .30
     134       0       0     529     542          625.79  635.99     .30
     134       1       1     646     642          625.79  635.99     .30
     134       0       1     590     596          625.79  635.99     .30
     134       0       0     614     630          625.79  635.99     .30
     134       0       1     644     638          625.79  635.99     .30
     134       0       0     695     730          625.79  635.99     .30
     134       1       1     643     700          625.79  635.99     .30
     134       1       0     654     644          625.79  635.99     .30
     134       1       1     611     625          625.79  635.99     .30
     134       0       0     667     675          625.79  635.99     .30
     134       0       0     552     591          625.79  635.99     .30
     134       0       0     590     596          625.79  635.99     .30
     134       1       0     653     680          625.79  635.99     .30
     134       1       0     678     683          625.79  635.99     .30
     134       1       1     630     651          625.79  635.99     .30
     134       1       1     655     636          625.79  635.99     .30
     134       0       0     599     603          625.79  635.99     .30
     134       0       0     637     611          625.79  635.99     .30
     134       0       1     647     650          625.79  635.99     .30
     135       0       1     651     660          637.09  643.86     .42
     135       0       0     665     653          637.09  643.86     .42
     135       1       0     639     654          637.09  643.86     .42
     135       1       0     639     675          637.09  643.86     .42
     135       1       0     684     704          637.09  643.86     .42
     135       0       0     633     646          637.09  643.86     .42
     135       1       0     680     685          637.09  643.86     .42
     135       0       1     641     648          637.09  643.86     .42
     135       0       0     557     579          637.09  643.86     .42
     135       0       0     623     625          637.09  643.86     .42
     135       1       0     582     574          637.09  643.86     .42
     135       1       1     724     700          637.09  643.86     .42
     135       0       1     663     663          637.09  643.86     .42
     135       0       1     590     596          637.09  643.86     .42
     135       1       1     603     614          637.09  643.86     .42
     135       0       0     590     596          637.09  643.86     .42
     135       1       1     598     605          637.09  643.86     .42
     135       0       0     658     656          637.09  643.86     .42
     135       0       1     685     701          637.09  643.86     .42
     136       0       0     588     597          626.13  636.50     .25
     136       1       0     695     728          626.13  636.50     .25
     136       1       1     654     653          626.13  636.50     .25
     136       0       1     602     635          626.13  636.50     .25
     136       1       0     629     622          626.13  636.50     .25
     136       0       0     543     573          626.13  636.50     .25
     136       0       0     654     634          626.13  636.50     .25
     136       1       0     644     650          626.13  636.50     .25
     137       0       0     654     621          663.00  639.50     .00
     137       0       0     672     658          663.00  639.50     .00
     138       1       0     663     702          629.79  638.00     .33
     138       1       0     654     654          629.79  638.00     .33
     138       0       0     590     618          629.79  638.00     .33
     138       0       1     590     553          629.79  638.00     .33
     138       1       0     645     644          629.79  638.00     .33
     138       0       1     637     657          629.79  638.00     .33
     139       1       0     662     682          644.67  642.33     .67
     139       0       1     641     616          644.67  642.33     .67
     139       1       0     638     635          644.67  642.33     .67
     139       0       0     657     679          644.67  642.33     .67
     139       0       1     623     617          644.67  642.33     .67
     139       0       1     648     622          644.67  642.33     .67
     139       1       1     692     700          644.67  642.33     .67
     139       0       1     555     543          644.67  642.33     .67
     139       1       0     635     625          644.67  642.33     .67
     139       1       1     671     674          644.67  642.33     .67
     139       1       1     658     658          644.67  642.33     .67
     139       1       1     656     657          644.67  642.33     .67
