       1      14      20      10      19       9      16       6      17      17       0 -.750
       2      26      25      24      26      18      26      19      18      21       0 1.761
       3      22      22      17      23      22      22      13      18      13       0  .270
       4      24      19      28      22      19      20      16      18      21       0 -.750
       5      19       6      13      18      24      16      18      14      21       0 -.750
       6      25      21      26      17      19      22      16      25      20       1 -.240
       7      27      20      23      19      25      24      22      17      14       0 -.750
       8      19      15      18      18      16      11      20      21      12       1  .410
       9      19      25      21      18      15      18      19      18      16       0 -.240
      10      22      26      25      20      25      24      18      22      19       0 -.750
      11      23      21      18      18      28      14      17      19      13       0 -.750
      12      19      18      26      22      26      19      26      11      19       0 2.081
      13      18      20      13      22      26      15      16      19      19       0 -.520
      14      20      19      20      16      19      22      19      20      17       0 -.750
      15      22      21      29      26      17      28      22      21      16       0 1.571
      16      19      28      20      12      27      18      22      25      16       0 1.251
      17      21      21      28      26      13      27      23      21      18       0 -.010
      18      24      17      17      15      16      13      20      22      18       0 -.520
      19      29      30      23      23      16      18      13      12      14       0  .320
      20      18      18      18      19      19      18      15      14      12       0 -.750
      21      17      17       7      28      18      11      25      21      20       0  .230
      22      25      26      18      20      25      24      21      23      14       0  .460
      23      19      26      19      19      20      21      23      18      18       0 1.761
      24      16      15      26      15      13      24      19      25      17       0 -.750
      25      12      22      14      16      27      24      26      22      22       0 -.750
      26      27      21      24      15      19      24      17      23      21       0 -.750
      27      16      22      15      13      22      23      19      20      13       0 -.520
      28      34      16      29      27      20      24      20      23      19       0 -.240
      29      26      19      20      23      26      22      17      18      15       0 -.520
      30      24      20      22      27      17      24      23      11      16       0 -.750
      31      24      22      20      25      22      22      20      24      23       0 -.750
      32      25      26      21      27      19      22      18      16      22       0 1.021
      33      19      27      24      22      27      21      22      27      20       0 -.520
      34      27      23      25      19      16      20      17      12      13       0 -.050
      35      23      16      23      23      24      22      19      19      17       0 1.761
      36       9      10      11      10      12      10      11      13       7       0 -.750
      37      18      27      17       4      11      16      17      12      12       0 -.750
      38      24      22      21       8      19      14      18       7       3       0 -.750
      39      24      28      22       6       9      17      25      13      18       0 -.750
      40      18      19      31      24      25      24      20      21      18       0 -.750
      41      16      18      24      19      20      16      17      21      17       0 -.750
      42      28      26      24      19      28      25      15      19      17       0 1.571
      43      22      23      26      30      15      28      20      18      13       0  .270
      44      20      25      20      24      23      20      14      21      19       0 -.280
      45      29      33      25      20      14       8      17      19      11       0 -.750
      46      24      20      21      16      26      28      16      16      20       0 -.010
      47      28      25      19      20      26      25      19      21      25       0 -.750
      48      24      24      25      17      26      25      22      23      21       1 -.750
      49      24      17      28      26      14      19      23      16      16       0 -.750
      50      19      12      20      19      15      20      24      17      22       0 -.280
      51      24      25      29      21      23      18      20      20      21       0 -.010
      52      15      25      20      17      19      27      24      17      19       1 1.531
      53      26      24      25      21      26      28      18      20      11       0 -.520
      54      24      21      26      38      19      15      29      17      20       0 -.750
      55      24      21      17      25      23      19      23      15      17       1 1.021
      56      26      27      31      17       8      13      20      16      22       1 -.750
      57      25      32      21      18      27      25      10      20      15       0 -.750
      58      27      28      20      23      24      23      21      12      18       0 1.531
      59      19      25      25      23      28      19      22      16      18       0  .691
      60      27      30      22      28      21      21      14      23      23       0  .881
      61      19      23      26      15      21      18      16      13      10       0 -.010
      62      18      25      19      31      17      21      19      17      19       1 -.280
      63      29      26      19      21      15      20      14      17      16       0  .230
      64      27      19      25      25      20      22      23      17      21       0 1.251
      65      23      17      16      19      22      23      21      15      18       0 -.010
      66      24      23      21      25      13      20      20      19      15       0 2.071
      67      27      27      25      13      27      25      22      17      19       1 4.551
      68      17       6      15      16      13      12      16       9       7       0 -.750
      69      15      14      10      22      20      25      21      12      10       0 -.750
      70      29      23      27      15      23      14      17      11      22       0 -.520
      71      21      26      21      19      14      24      24      23      21       1 -.750
      72      19      23      26      18      18      22      21      17      16       0 -.240
      73      19      24      21      21      16      14      21      19      17       0  .230
      74      29      29      31      24      14      26      11      22      18       0 -.750
      75      25      21      24      21      23      20      20      24      24       0 -.750
      76      24      23      24      20      21      29      18      20      21       0 -.050
      77      28      25      15      13       8      13      13      20      18       0-1.000
      78      25      27      24      22      22      22      22      22      18       1 1.001
      79      23      17      16      18      22      22      22      15      18       1 -.500
      80      18      20      22      18      18      18      18      24      18       0 2.001
      82      19      25      19      22      22      22      18      21      22       1  .000
      83      11      15      28      18      22      22      18      19      18       0-1.000
      84      23      28      15      13      22      22      22      17      18       0 4.001
      85      21      20      27      13      13      22      18      18      22       0 1.001
      86      17      26      23      22      18      22      22      15      22       0-1.000
      87      28      28      24      22      22      22      22      20      22       0 1.001
      88      13      22      25      13       8      22      18      22      18       1-1.000
      89      29      23      28      22      22      22      18      21      18       0 3.001
      90      23      23      20      22      18      18      18      13      13       0-1.000
      91      25      18      25      18      22      22      18      15      22       0-1.000
      92      15      23      18       8      13       8      20      20      13       0  .000
      93      26      27      23      22      22      18      22      21      22       0  .501
      94      19      26      24      22      22      18      22      20      22       0  .501
      96      24      26      24      13      22      22      22      24      22       1 -.500
      97      28      16      25      22      22      22      22      23      22       1 4.001
      98      19      23      24      22      13      18      18      17      18       0 4.001
      99      28      28      21      18      22      22      22      17      22       0 3.001
     100       8       6      20       3       8       3      11       1       8       0-1.000
     102      19      27      19      13      22      22      18      17      22       1 2.001
     103      14      14      26      22      22      22      13      19      18       1-1.000
     104      24       8      20      22      22      18      22      19      22       1-1.000
     105      26      29      31      18      22      22      22      22      22       1-2.000
     106      23      27      18      22      18      22      18      20      18       0  .000
     107      28      20      17      22      22      18      18      22      18       0  .000
     108      26      25      23      22      18      22      22      22      22       0 2.001
