 1    17      22      19      17       0       0
 2    54      39      43      32       0       1
 3    48      40      45      38       0       0
 4    45      58      64      65       1       0
 5    28      33      69      34       0       1
 6    86      95      86      84       0       0
 7    37      52      63      69       1       0
 8    28      32      36      71       1       0
 9    44      47      58      64       1       1
10    55      56      57      61       0       0
11    28      50      50      53       0       0
12    32      42      47      62       0       1
13 	  41      42      52      75	   1       1
14    39      22      44      40       0       0 
15    54      56      56      77       1       1 
16    43      50      25      36       0       0
17    73      76      72      87       1       0 
18    68      73      75      83       1       1
19    72      74      78      81       1       1 
20    35      38      42      47       0       0  